3.411130000000000000e+05 2.401263226934631589e+01
3.700190000000000000e+05 2.438918451575448998e+01
3.162720000000000000e+05 2.339645478490010078e+01
2.220690000000000000e+05 2.145835914412392498e+01
2.151560000000000000e+05 2.411049700562618270e+01
1.393250000000000000e+05 2.457078825004424871e+01
3.360220000000000000e+05 2.374466068459607371e+01
1.363150000000000000e+05 2.416925181210805817e+01
1.317670000000000000e+05 2.264217378308444495e+01
1.955410000000000000e+05 2.346192120473616427e+01
3.003890000000000000e+05 2.356946564152790558e+01
1.675310000000000000e+05 2.343014049601022464e+01
3.121390000000000000e+05 2.423939585107497052e+01
2.899130000000000000e+05 2.354985400449297117e+01
1.306910000000000000e+05 2.396366241090166582e+01
2.031580000000000000e+05 2.300625585603537004e+01
2.158700000000000000e+05 2.390764094824474384e+01
1.311880000000000000e+05 2.333849237238052154e+01
3.527880000000000000e+05 2.320852963524730583e+01
1.441070000000000000e+05 2.443573933271536092e+01
2.290960000000000000e+05 2.346806325411057159e+01
1.459590000000000000e+05 2.234568319108188561e+01
3.138880000000000000e+05 2.341062484753594930e+01
3.125690000000000000e+05 2.445780995191440965e+01
2.957150000000000000e+05 2.355875038543686628e+01
1.140210000000000000e+05 2.271655318256596345e+01
1.809400000000000000e+05 2.216230696355590268e+01
3.412930000000000000e+05 2.299724535997623320e+01
1.290400000000000000e+05 2.235652479709575147e+01
2.017680000000000000e+05 2.319566681984843370e+01
2.726130000000000000e+05 2.336767072855130323e+01
3.125120000000000000e+05 2.381052491993063569e+01
1.835850000000000000e+05 2.396757772057860336e+01
1.175850000000000000e+05 2.259939744646337090e+01
1.913770000000000000e+05 2.355123330051569042e+01
3.749620000000000000e+05 2.404880427852751978e+01
1.419860000000000000e+05 2.345981948106575743e+01
1.790350000000000000e+05 2.418968943302200003e+01
1.325100000000000000e+05 2.252973051373658464e+01
3.122910000000000000e+05 2.329642997200797083e+01
2.900390000000000000e+05 2.381817116499355080e+01
2.861670000000000000e+05 2.258239712070950489e+01
3.701520000000000000e+05 2.415857920524902624e+01
1.343560000000000000e+05 2.341176269808711652e+01
1.717330000000000000e+05 2.381625078122948480e+01
3.529610000000000000e+05 2.341471215463418076e+01
3.150590000000000000e+05 2.384011564369293623e+01
2.830400000000000000e+05 2.374166168134233956e+01
1.136100000000000000e+05 2.341279303189469019e+01
2.154390000000000000e+05 2.413350840621606963e+01
2.724430000000000000e+05 2.392859154487846141e+01
1.421710000000000000e+05 2.310796561158195672e+01
2.708330000000000000e+05 2.415346037616078689e+01
2.145890000000000000e+05 2.343854485065841686e+01
1.436440000000000000e+05 2.411616792269012777e+01
3.249670000000000000e+05 2.382292730194171781e+01
1.001230000000000000e+05 2.195407844545447773e+01
1.100440000000000000e+05 2.342777876921726943e+01
1.234910000000000000e+05 2.323223217284487774e+01
1.317900000000000000e+05 2.301140393388229910e+01
3.096370000000000000e+05 2.438519104799233261e+01
2.970660000000000000e+05 2.384332792668921286e+01
2.903910000000000000e+05 2.376446267779970256e+01
1.800850000000000000e+05 2.174968724951805044e+01
1.814490000000000000e+05 2.427471646953955542e+01
2.085060000000000000e+05 2.321804279967532381e+01
1.215850000000000000e+05 2.435513167337104434e+01
3.614140000000000000e+05 2.435778246458774632e+01
1.314230000000000000e+05 2.268758014544807011e+01
2.886760000000000000e+05 2.365433520673020951e+01
1.318330000000000000e+05 2.298014573373096070e+01
2.658970000000000000e+05 2.206509740403929953e+01
3.136920000000000000e+05 2.187075635206881330e+01
3.234330000000000000e+05 2.315224533899098702e+01
3.130710000000000000e+05 2.315693891075035538e+01
1.265170000000000000e+05 2.377850903590337595e+01
1.572670000000000000e+05 2.411506504578408538e+01
2.180180000000000000e+05 2.311461611141508854e+01
1.066180000000000000e+05 2.282668303188159342e+01
2.899240000000000000e+05 2.381770913585505767e+01
1.273800000000000000e+05 1.935170869217051504e+01
2.183170000000000000e+05 2.261120076298188764e+01
1.444850000000000000e+05 2.415693282320293633e+01
1.798960000000000000e+05 2.419288891156110566e+01
2.901570000000000000e+05 2.302311993534985390e+01
2.890640000000000000e+05 2.394753201380273211e+01
1.516470000000000000e+05 2.215889847635990506e+01
3.676090000000000000e+05 2.433566181768382108e+01
3.162000000000000000e+05 2.375256151284342110e+01
1.415610000000000000e+05 2.243201724563384403e+01
2.005540000000000000e+05 2.376293114763584313e+01
3.115040000000000000e+05 2.380314134046668073e+01
2.416150000000000000e+05 2.395647228629633574e+01
3.134170000000000000e+05 2.360560439780721964e+01
1.030360000000000000e+05 2.313664298670089536e+01
2.887470000000000000e+05 2.183774667208427900e+01
2.908290000000000000e+05 2.396685685910654939e+01
1.726310000000000000e+05 2.360369312193922298e+01
1.316930000000000000e+05 2.259208208840018983e+01
1.100800000000000000e+05 2.305976471444048315e+01
3.679030000000000000e+05 2.449418010265107171e+01
1.639850000000000000e+05 2.382886345709209763e+01
1.797430000000000000e+05 2.430499764338603441e+01
1.211110000000000000e+05 2.105999790686317752e+01
1.316750000000000000e+05 2.322507334182532546e+01
1.163920000000000000e+05 1.863280790506974682e+01
1.142140000000000000e+05 2.326325667982830581e+01
2.091970000000000000e+05 2.434405788768738788e+01
3.365670000000000000e+05 2.362189776381752182e+01
1.303160000000000000e+05 2.422888002666312701e+01
1.748570000000000000e+05 2.379618141816682808e+01
3.129990000000000000e+05 2.395621329881067396e+01
1.405090000000000000e+05 2.392290508176039765e+01
2.735780000000000000e+05 2.397899680275933321e+01
3.124460000000000000e+05 2.337398800689281231e+01
3.133390000000000000e+05 2.334779320669114355e+01
3.133480000000000000e+05 2.319994383969847718e+01
2.655630000000000000e+05 2.351450556431790062e+01
3.104310000000000000e+05 2.389348910033306694e+01
1.220470000000000000e+05 2.339206044289324637e+01
2.720690000000000000e+05 2.403141287850134233e+01
2.705670000000000000e+05 2.394332856013283006e+01
1.100720000000000000e+05 2.341363941054869358e+01
1.320420000000000000e+05 2.309063662051971377e+01
1.432650000000000000e+05 2.391845646367114497e+01
3.114440000000000000e+05 2.366756048221255071e+01
1.280130000000000000e+05 2.272573555184432692e+01
2.846520000000000000e+05 2.296523153951165241e+01
1.857970000000000000e+05 1.880169116726880318e+01
1.084910000000000000e+05 2.283110757550440439e+01
3.410740000000000000e+05 2.408203398701030551e+01
3.523190000000000000e+05 2.395593375823563420e+01
1.099810000000000000e+05 2.310638826446099969e+01
1.797790000000000000e+05 2.301511616455821496e+01
2.941730000000000000e+05 2.364507910505969690e+01
2.957450000000000000e+05 2.394931747256255150e+01
1.179310000000000000e+05 2.408008798326297395e+01
2.154730000000000000e+05 2.373040519562324846e+01
2.961120000000000000e+05 2.371512887689081950e+01
1.741670000000000000e+05 2.381574183079171902e+01
3.268350000000000000e+05 2.365657349021701350e+01
3.164650000000000000e+05 2.393708286489015435e+01
3.183490000000000000e+05 2.319883558964534842e+01
3.132980000000000000e+05 2.333887147025420461e+01
1.403880000000000000e+05 2.399308322850544073e+01
1.945080000000000000e+05 2.189218925167723029e+01
2.188410000000000000e+05 2.283835275531558651e+01
1.100540000000000000e+05 2.362763297659288142e+01
1.820250000000000000e+05 2.394293835478013932e+01
2.131180000000000000e+05 2.429038278561249342e+01
2.928980000000000000e+05 2.415796401771902069e+01
2.899200000000000000e+05 2.355886945576644109e+01
1.714440000000000000e+05 2.204051264733114124e+01
2.868240000000000000e+05 2.328582117886149661e+01
1.404170000000000000e+05 2.321595562563692283e+01
1.719020000000000000e+05 2.227505373954203449e+01
2.713480000000000000e+05 2.409288282822658900e+01
1.132010000000000000e+05 2.327589962722395001e+01
1.792770000000000000e+05 2.382149504574780963e+01
3.115620000000000000e+05 2.368317276084199463e+01
2.053360000000000000e+05 2.331159830524090637e+01
1.022870000000000000e+05 2.424712790836364817e+01
2.903970000000000000e+05 2.328238555727314818e+01
1.805410000000000000e+05 2.394221648367497934e+01
2.755470000000000000e+05 2.446182381376698345e+01
2.056820000000000000e+05 2.235368902972459892e+01
2.151530000000000000e+05 2.374899290365074833e+01
1.937120000000000000e+05 2.268742073811051796e+01
2.713490000000000000e+05 2.368079576187520630e+01
1.789020000000000000e+05 2.312857708118619726e+01
1.389160000000000000e+05 2.440973273875621175e+01
1.219210000000000000e+05 2.185425388255434598e+01
3.124110000000000000e+05 2.345490525513009672e+01
2.890100000000000000e+05 2.356381319582718348e+01
3.103340000000000000e+05 2.379745672395119627e+01
1.322650000000000000e+05 2.274447778730691994e+01
2.015250000000000000e+05 2.266495126609225252e+01
1.132600000000000000e+05 2.334221751750454743e+01
1.226860000000000000e+05 2.472249961995125389e+01
3.324570000000000000e+05 2.260705549637115652e+01
2.449310000000000000e+05 2.175319038747971945e+01
